 -1.95502e-10
            0             0             0             0
 -7.93632e-05       296.893       10.5252     -0.140603
  0.000464714       271.812       1202.67      -0.13544
  0.000421939      -262.187       1218.72    -0.0921659
   0.00034938      -380.486       1090.64     -0.109466
  0.000312181       1105.91       1159.15     -0.120948
  0.000422769       1265.63       1321.55     -0.132711
    0.0090634       -748.23        1151.5      0.159412
   0.00898629      -161.211       1188.79      0.145594
   0.00885997      -147.644       897.676     -0.057766
   0.00941146       731.614        935.45      0.325761
            0             0             0             0
  0.000604883       9.45192       8.31009      0.167447
   0.00259822        9.5237        7.8059      -0.20772
    0.0016027        2.9924       10.8276     -0.284632
   0.00246168       6.86183      0.758971     -0.173572
 -0.000167269      -5.37187      -12.0287      0.319889
  0.000470543      -1.58571      -10.6332      0.181765
